"Experimental Readings Supersonic [150psi] - Temp:22.4[C] - Patm = 989,100 [Pa]"	
	
	
Pressure Tap number:   [1]          [2]         [3]         [4]         [5]         [6]         [7]         [8]         [9]         [10]         [11]        [12]         [13]         [14]         [15]         [16]         [17]         [18]         [19]         [20]         [21]          [22]         [23]          [24]       [25]         [26] 	
    	
        data [Bar] 0.001       -0.093      -0.144      -0.176      -0.21       -0.266      -0.338      -0.425      -0.511      -0.604       -0.684       -0.749       -0.784        -0.8        -0.806       -0.807       -0.815       -0.811       -0.799       -0.803       -0.791       -0.735        -0.81         -0.8       -0.702       -0.658  	 
data [Bar] 0.001       -0.093      -0.144      -0.176      -0.21       -0.267      -0.338      -0.425      -0.511      -0.604       -0.684       -0.749       -0.784        -0.8        -0.806       -0.807       -0.815       -0.811       -0.799       -0.803       -0.791       -0.735        -0.81         -0.8        -0.71       -0.664 	 
data [Bar] 0.001       -0.093      -0.144      -0.176      -0.21       -0.267      -0.338      -0.425      -0.511      -0.604       -0.684       -0.749       -0.784        -0.8        -0.806       -0.807       -0.815       -0.811       -0.799       -0.803       -0.791       -0.735        -0.81         -0.8       -0.724       -0.668  	
        data [Bar]       0.002       -0.093      -0.144      -0.176      -0.21       -0.266      -0.338      -0.425      -0.511      -0.604       -0.684       -0.749       -0.784        -0.8        -0.806       -0.807       -0.815       -0.811       -0.799       -0.803       -0.791       -0.735        -0.81         -0.8       -0.741       -0.674  	
        data [Bar]       0.001       -0.092      -0.144      -0.176      -0.21       -0.266      -0.338      -0.425      -0.511      -0.604       -0.684       -0.749       -0.784        -0.8        -0.806       -0.807       -0.815       -0.811       -0.799       -0.803       -0.791       -0.736        -0.81         -0.8       -0.751       -0.676  	
        data [Bar]           0       -0.092      -0.144      -0.176      -0.21       -0.266      -0.338      -0.425      -0.511      -0.604       -0.684       -0.749       -0.784        -0.8        -0.806       -0.807       -0.815       -0.811         -0.8       -0.803       -0.791       -0.736        -0.81         -0.8       -0.749       -0.675  	
        data [Bar]       0.001       -0.093      -0.144      -0.176      -0.21       -0.266      -0.338      -0.425      -0.511      -0.604       -0.684       -0.749       -0.784        -0.8        -0.806       -0.807       -0.815       -0.811       -0.799       -0.803       -0.791       -0.735        -0.81         -0.8       -0.745       -0.674  	
        data [Bar]       0.001       -0.093      -0.144      -0.176      -0.21       -0.266      -0.338      -0.425      -0.511      -0.604       -0.684       -0.749       -0.784        -0.8        -0.806       -0.807       -0.815       -0.811         -0.8       -0.803       -0.791       -0.735        -0.81         -0.8       -0.745       -0.674  	
        data [Bar]       0.001       -0.093      -0.144      -0.176      -0.21       -0.267      -0.338      -0.425      -0.511      -0.604       -0.684       -0.749       -0.784        -0.8        -0.806       -0.807       -0.815       -0.811         -0.8       -0.803       -0.793       -0.735        -0.81       -0.792       -0.706       -0.655  	
        data [Bar]       0.001       -0.093      -0.144      -0.176      -0.21       -0.266      -0.338      -0.425      -0.511      -0.604       -0.684       -0.749       -0.784        -0.8        -0.806       -0.807       -0.815       -0.811       -0.799       -0.803       -0.703       -0.651       -0.644       -0.608       -0.583       -0.548  	
