"Experimental Readings Supersonic [75psi] - Temp:22.4[C] - Patm = 989,100 [Pa]"		
		
		
Pressure Tap number:    [1]          [2]         [3]         [4]         [5]         [6]         [7]         [8]         [9]         [10]         [11]        [12]         [13]         [14]         [15]         [16]         [17]         [18]         [19]         [20]         [21]          [22]         [23]          [24]       [25]         [26] 		
    		     
        data [Bar]        0         -0.093      -0.146      -0.177      -0.21       -0.268      -0.338      -0.425      -0.511      -0.602       -0.683       -0.541       -0.454       -0.405       -0.378       -0.355       -0.338       -0.325       -0.312       -0.307       -0.306       -0.306       -0.304       -0.305       -0.305       -0.306  		
data [Bar]        0         -0.093      -0.146      -0.177      -0.21       -0.268      -0.338      -0.425      -0.511      -0.602       -0.683       -0.541       -0.455        -0.41       -0.386       -0.363       -0.347       -0.331       -0.318        -0.31        -0.31        -0.31       -0.308       -0.308       -0.309       -0.308  		
data [Bar]  0         -0.093      -0.146      -0.177      -0.21       -0.268      -0.338      -0.425      -0.511      -0.602       -0.684       -0.545       -0.458       -0.412       -0.386       -0.363       -0.349       -0.334        -0.32       -0.313       -0.311       -0.312        -0.31       -0.309       -0.309        -0.31  		
data [Bar]  0         -0.095      -0.146      -0.177      -0.21       -0.268      -0.338      -0.425      -0.511      -0.602       -0.684       -0.555       -0.463       -0.407       -0.375       -0.352       -0.336       -0.322       -0.312       -0.307       -0.307       -0.307       -0.306       -0.305       -0.307       -0.308  		
data [Bar]        0         -0.094      -0.146      -0.177      -0.21       -0.268      -0.338      -0.425      -0.511      -0.602       -0.684       -0.555       -0.464       -0.409       -0.378       -0.354       -0.339       -0.325       -0.313       -0.309       -0.307       -0.308       -0.307       -0.307       -0.307       -0.308  		
data [Bar]        0         -0.094      -0.146      -0.177      -0.21       -0.268      -0.338      -0.425      -0.511      -0.602       -0.684       -0.558       -0.468       -0.409       -0.378       -0.354       -0.336       -0.325       -0.313       -0.309       -0.309        -0.31       -0.308       -0.307       -0.309       -0.308  		
data [Bar]        0         -0.095      -0.146      -0.177      -0.21       -0.268      -0.338      -0.425      -0.511      -0.602       -0.684       -0.557       -0.469       -0.411       -0.378       -0.354       -0.336       -0.324       -0.312       -0.309       -0.308       -0.308       -0.308       -0.307       -0.308       -0.308  		
        data [Bar]        0         -0.095      -0.146      -0.177      -0.21       -0.268      -0.338      -0.425      -0.511      -0.602       -0.684       -0.558       -0.469       -0.411        -0.38       -0.358       -0.342       -0.328       -0.316       -0.311        -0.31       -0.311       -0.309       -0.309       -0.309        -0.31  		
        data [Bar]        0         -0.093      -0.146      -0.177      -0.21       -0.268      -0.338      -0.425      -0.511      -0.602       -0.684       -0.555       -0.464       -0.415       -0.388       -0.365        -0.35       -0.335       -0.321       -0.314       -0.313       -0.313       -0.311        -0.31       -0.311       -0.311  		
        data [Bar]        0         -0.095      -0.146      -0.177      -0.21       -0.268      -0.338      -0.425      -0.511      -0.602       -0.684       -0.559       -0.467       -0.415       -0.386       -0.363       -0.347       -0.333        -0.32       -0.314       -0.314       -0.314       -0.312       -0.311       -0.311       -0.311  		
